100
824 54
1000 98
2 50
120 75
924 39
2 98
451 5
289 48
758 85
991 9
537 11
440 28
816 86
1000 99
635 54
143 26
264 31
808 71
1000 96
1000 3
2 99
1000 95
522 40
355 11
285 29
363 69
918 38
24 85
885 57
254 30
793 69
132 90
2 1
921 39
772 5
424 35
755 11
319 10
712 1
740 92
598 42
398 61
915 30
270 26
744 91
70 56
871 75
911 80
592 91
295 30
508 54
226 22
387 98
950 95
1000 5
642 34
1000 1
2 96
81 39
494 92
906 56
959 86
565 89
950 71
362 76
540 8
289 65
30 46
500 44
716 10
2 4
551 71
1000 2
1000 4
2 97
958 86
13 37
2 5
239 20
555 27
659 89
582 60
173 90
397 40
728 33
109 76
439 40
1000 97
838 46
446 2
2 2
125 51
432 88
29 97
875 93
3 10
383 4
413 35
2 95
2 3
