1000 200 199 200 0
977 396 396 13 975
500 100 200 20 300
500 100 200 20 100
500 100 200 20 400
977 396 198 13 975
999 396 198 13 50
500 100 200 20 300
500 100 200 20 100
500 100 200 20 400
999 396 198 12 998 
999 396 198 0 0
999 198 198 0 0 
999 198 199 0 0
999 198 199 16 0 
999 198 199 16 564 
999 198 199 16 54
9 198 196 16 0
9 198 196 16 1
9 198 196 0 1
977 396 198 13 0
977 198 199 13 0
1 400 399 0 0
1000 200 201 0 0
100 200 201 200 10
500 100 200 0 0
500 100 200 5 0
500 100 200 4 0
500 100 200 4 17
500 100 400 5 0
1 1 1 0 0
1 1 1 200 0
2 1 1 200 1
2 10 400 200 0
500 1 1 1 0
500 100 300 99 0
500 301 300 100 0
500 301 300 100 1