1000 1000
-24 -31 -26 -24 -19 28 19 39 42 17 -35 23 25 -40 4 -4 1 -36 34 -38 43 -35 -20 -34 -6 -28 -7 -41 23 18 12 -34 20 25 1 27 27 27 -41 30 -16 -19 30 -3 -29 29 10 -6 -14 16 25 -19 -43 -5 -9 -7 -29 11 21 -11 7 -5 29 -6 -9 -16 36 -5 -37 -5 -42 -21 43 27 32 2 -13 6 13 -6 -14 -18 3 -30 -25 -12 -23 -5 25 40 14 -29 -6 -31 13 8 -26 1 36 1 -30 -12 32 42 -11 25 -26 -25 -10 -41 20 -37 31 -13 35 -18 38 25 -38 -30 -32 -22 42 28 -19 27 1 -13 29 13 -27 -19 6 13 25 -26 25 -29 29 19 39 16 -19 39 -35 31 5 40 31 -43 -7 38 -7 27 -6 -37 35 25 18 -3 30 20 32 38 42 37 -1 -16 -32 8 23 3 9 1 35 -10 -15 -40 -31 -2 -8 27 -25 -11 41 -27 -24 -26 -32 -14 18 10 9 -41 32 -22 -10 11 3 19 -14 -30 -17 -8 -2 -3 30 -20 -24 -39 43 10 -29 12 1 -33 -14 -17 26 -36 28 38 12 -35 -8 41 30 -10 41 -32 11 -10 23 -2 9 -19 -17 20 12 -26 -38 -6 23 6 -31 18 -25 8 7 21 -16 41 -33 33 39 -4 -24 26 42 13 -11 5 -1 40 -29 -34 -13 26 -3 -21 -43 -38 15 42 -10 41 -41 35 -28 38 -13 37 -27 -1 -15 -7 -43 -21 22 28 16 6 36 9 22 -10 5 -38 42 -42 39 34 15 4 -18 -10 6 -3 32 -1 34 -7 4 -4 -29 11 -19 -24 38 32 12 -6 3 13 12 -20 30 -30 13 -17 -8 34 -3 30 -34 -34 12 17 26 -12 16 -9 -20 -2 35 4 -23 14 25 42 28 -2 -19 22 24 -30 -12 6 17 42 9 -39 24 -20 38 -20 -32 18 39 30 -31 -15 33 -28 -11 7 35 42 -20 -26 -37 20 -41 -25 36 -40 36 7 -28 -18 -3 19 -12 -37 2 42 16 16 -1 -8 -18 -40 -5 41 38 20 15 11 -27 -2 -1 -19 -3 11 -10 -11 6 1 -5 27 42 43 18 -8 -28 -22 43 3 -34 13 -11 29 -11 -29 -23 19 24 -13 -31 18 -16 36 40 -2 11 -15 36 43 -42 -39 13 43 11 5 -41 11 30 -3 32 -38 12 17 17 -33 -11 -8 20 -14 37 -11 -22 41 -28 -38 41 33 31 42 -43 -20 -4 -13 7 -18 6 26 -17 39 42 -24 12 26 39 -18 -24 12 -20 18 -11 -22 14 -17 23 -33 15 -40 38 -3 11 -20 -5 -15 32 -30 -27 -31 -9 -15 -30 38 24 -13 -2 31 1 17 -23 40 -4 18 2 -15 27 -12 -10 5 25 -30 -29 41 1 28 -26 -26 -42 -1 30 -35 -22 15 -35 -5 -20 23 -30 4 -10 -18 -27 -39 27 6 -43 -38 22 -40 24 -40 36 42 40 2 8 17 -41 -13 -7 -39 20 -40 7 29 -19 4 -30 -11 2 -3 3 40 32 39 -29 -23 14 43 -16 -21 17 -43 -8 15 30 -3 27 21 -13 -11 23 -16 -20 15 -42 6 -5 -15 -26 29 18 -43 16 -32 -28 35 -42 -39 33 31 15 -7 3 11 19 -23 34 42 6 -5 -26 -33 37 -41 -43 -18 17 -7 30 -29 38 5 -22 25 11 -8 -37 3 21 5 -20 -43 19 37 6 12 18 18 29 -15 31 28 18 19 -27 -4 -36 -29 32 24 -5 -18 18 -14 -2 32 -5 27 -31 28 -42 -5 -38 2 -24 -18 -23 -16 9 -1 -23 -37 -17 10 -4 4 10 5 12 -3 3 37 7 -25 -34 -20 7 -9 19 23 16 34 33 40 2 39 -17 -38 30 -43 -33 16 -22 17 -16 12 22 -30 12 -23 6 7 -3 -42 -1 -8 27 -4 -38 -31 42 -22 -13 24 41 -23 -12 38 16 1 -11 -14 -37 20 -20 -15 -38 -41 43 -17 42 -35 30 -11 -10 -8 -40 13 20 22 -34 37 -6 19 37 -36 -5 -7 14 4 19 -5 25 11 -26 -6 -42 41 -17 -11 11 21 2 -28 -18 -17 -35 -31 42 -16 -39 34 -16 27 13 38 5 10 -8 18 -33 -23 21 1 19 3 9 41 -10 -37 35 7 -27 -5 -32 -28 35 21 40 -3 -13 31 18 -8 -5 -36 -21 -38 -32 18 -17 23 -39 -32 1 -30 40 -31 -8 -21 7 -16 41 -40 -13 15 26 -42 7 12 -38 -22 39 -8 -23 -15 14 -20 19 16 -40 32 32 -13 25 34 -35 -15 -34 -32 -7 38 19 21 20 25 27 22 -38 -27 18 -18 -35 15 10 -3 38 -40 -6 -15 -8 5 -39 3 43 5 -38 -25 16 -15 -33 -14 -29 -23 21 39 -24 -36 32 -2 -34 10 -39 2 -15 -5 -21 36 -13 -7 15 -35 -7 10 3 -31 -17 -14 31 15 -32 -36 10 -42 -7 -13 8 15 -21 -23 -37 39 10 -27 5 -20 14 -14 21 32 3 -38 32 -8 41 22 -43 9 24 -13 -14 -26 40 35 -32 -25 -40 22 -38 36 10 34 1 14 -10 -22 32 5 23 41 -10 -30 
11 921 334 5 10
44 546 289 9 2
31 116 22 3 2
224 583 195 2 9
457 795 11 1 7
47 490 444 3 8
232 754 257 3 8
640 840 47 10 2
849 932 57 5 9
233 996 99 2 4
69 253 14 10 7
252 720 212 4 3
266 922 296 2 9
45 142 53 4 5
327 728 121 1 3
200 653 224 9 4
331 970 43 3 1
484 912 178 3 7
233 453 45 4 10
123 716 286 6 1
230 419 131 1 6
512 551 34 1 1
905 966 41 9 7
1 31 29 10 1
186 186 1 7 2
265 398 102 10 6
521 731 41 4 5
141 499 88 10 10
618 672 49 1 4
914 925 4 6 2
121 787 650 8 1
101 101 1 8 6
705 968 253 7 2
296 357 17 10 9
164 829 584 10 8
519 884 355 1 6
439 459 11 3 9
209 358 57 2 7
263 717 26 6 10
332 907 119 9 4
852 985 90 10 3
202 631 33 10 4
604 824 61 2 4
3 762 529 2 5
165 331 150 7 6
257 948 164 8 5
404 792 27 2 10
222 787 282 7 4
182 398 37 3 3
221 350 93 8 8
364 634 44 3 7
333 801 438 10 8
827 988 144 2 1
61 752 622 2 2
596 893 106 2 1
83 591 390 5 9
364 924 139 3 5
153 487 207 6 8
698 704 7 4 7
596 945 258 2 8
280 926 516 7 10
199 780 495 4 9
248 650 334 10 8
324 817 334 10 7
370 803 1 4 7
669 673 3 3 8
144 400 78 4 8
343 889 331 9 7
299 345 22 6 7
99 774 438 9 4
32 817 709 9 1
103 628 413 6 1
149 886 663 8 1
951 983 17 10 1
119 524 155 10 10
261 459 89 8 1
567 877 12 2 8
117 279 23 4 8
425 625 8 7 4
86 556 168 1 7
170 463 191 10 7
201 806 205 6 4
513 981 115 10 3
58 788 694 6 5
956 990 27 6 1
418 796 345 8 8
266 917 95 3 2
460 993 268 6 10
659 980 300 9 7
247 888 203 7 10
36 923 567 8 1
261 787 94 8 7
155 301 65 9 6
228 474 57 7 3
103 898 450 3 2
140 206 63 4 4
332 351 10 4 4
339 846 187 4 9
695 832 3 7 10
824 997 161 2 3
295 689 386 5 2
678 747 17 10 6
98 253 102 9 7
43 712 368 1 7
168 571 111 9 3
154 884 556 10 8
551 995 237 7 4
15 76 62 4 9
206 867 282 10 7
45 553 128 10 4
558 789 38 10 1
514 666 34 5 3
526 528 2 3 10
259 504 49 6 1
85 950 364 7 6
169 647 226 4 7
1 687 11 3 9
356 614 196 9 4
76 601 247 1 8
98 767 79 7 9
106 768 640 3 8
524 544 19 8 9
278 776 398 8 8
570 581 9 8 5
37 803 571 2 9
84 928 12 6 5
275 918 110 8 1
431 874 192 5 6
471 541 50 7 6
102 543 295 4 6
63 557 402 4 3
902 966 42 7 8
313 986 106 9 7
314 338 11 4 9
23 488 371 10 10
119 507 57 1 4
149 538 48 3 10
304 645 92 2 8
61 529 410 3 10
81 194 17 7 10
102 212 5 2 9
74 299 218 3 8
405 999 39 6 8
397 570 27 2 7
297 658 343 5 5
462 513 48 10 3
264 702 409 5 4
398 772 128 8 3
104 309 105 10 3
616 731 9 8 6
484 577 30 9 1
272 513 16 7 9
538 950 110 10 2
287 984 138 10 1
818 892 60 8 4
320 645 317 2 8
749 843 58 1 4
443 585 23 9 1
393 475 13 6 2
480 713 42 9 2
292 576 131 1 8
464 668 63 10 7
483 803 314 4 3
379 676 295 7 10
253 901 467 10 4
194 760 72 2 10
150 228 56 5 4
187 222 15 5 10
115 668 19 8 8
820 981 79 6 10
198 628 255 5 9
2 772 152 5 3
447 790 43 4 9
650 716 52 9 1
502 742 29 8 3
151 921 596 6 8
754 924 70 2 1
876 931 39 1 8
718 792 62 8 4
800 935 64 4 3
515 702 122 2 4
107 482 172 3 5
587 772 14 4 7
148 805 449 10 4
415 846 198 2 3
60 763 689 4 7
135 961 170 7 4
43 497 10 6 5
341 475 59 1 4
358 957 400 5 8
516 723 77 4 4
20 274 140 1 9
40 741 528 7 8
395 769 279 9 4
316 980 157 9 9
30 589 134 1 4
132 608 204 8 7
144 374 80 2 6
623 749 35 5 3
47 916 716 2 1
361 412 10 4 6
981 991 5 2 6
107 592 28 7 8
685 777 69 5 2
394 454 25 6 4
69 930 682 1 1
113 164 37 2 3
507 848 206 7 8
226 891 501 10 9
543 846 9 8 4
592 876 268 1 3
44 274 138 5 6
102 407 292 7 1
186 952 27 5 6
452 946 229 8 2
799 969 78 1 9
67 682 250 3 10
198 658 350 6 1
471 610 133 10 3
251 764 438 9 10
372 457 59 6 10
96 556 224 5 8
649 696 7 1 9
619 852 223 8 7
378 815 433 10 8
492 615 73 3 6
50 432 148 7 5
130 853 30 1 1
340 357 5 2 6
768 924 7 6 5
145 668 45 9 7
164 370 159 7 3
124 566 48 5 5
563 901 75 8 6
33 718 172 4 1
416 832 352 3 4
939 946 7 3 4
4 599 241 9 2
205 413 177 3 6
207 609 146 8 2
571 928 198 2 10
10 743 660 2 10
167 241 4 2 9
110 169 24 4 5
25 325 129 4 4
494 526 2 9 6
81 153 72 7 7
8 238 10 8 3
764 807 5 2 7
192 552 158 3 2
33 385 181 8 6
15 155 91 4 4
482 959 220 3 7
274 507 87 9 2
30 666 145 1 7
259 701 301 9 10
257 477 172 7 7
400 470 51 8 3
172 300 52 5 5
75 553 184 9 9
544 633 83 10 4
767 985 156 3 8
220 579 317 8 1
780 841 41 7 9
811 880 33 7 10
749 814 58 6 1
279 948 171 6 7
457 969 314 3 6
326 772 247 6 6
560 592 8 9 7
623 984 336 10 3
825 978 128 7 10
14 975 449 7 7
267 819 116 4 5
251 785 457 8 1
290 875 105 6 1
484 510 24 4 5
266 302 33 9 10
316 506 126 6 1
342 910 222 2 6
849 971 100 2 1
156 694 204 8 6
607 610 1 3 7
113 891 175 4 6
445 990 352 10 1
402 774 190 7 2
134 516 290 10 2
357 481 11 5 2
53 348 67 5 5
792 956 114 6 6
609 987 176 4 10
337 414 34 6 4
146 597 422 7 8
834 838 4 4 10
84 115 27 10 7
33 141 44 9 4
104 666 175 9 2
4 958 848 8 2
488 559 4 8 9
27 757 600 8 8
747 851 32 6 3
43 550 494 8 4
228 618 27 9 5
69 809 237 6 8
286 774 458 4 3
579 586 8 7 3
130 135 3 1 10
187 750 22 1 8
452 538 58 1 8
553 984 301 5 7
118 682 59 4 8
149 491 65 9 4
458 621 159 7 2
615 896 183 10 5
371 730 56 7 2
7 131 29 1 9
246 943 249 7 10
481 494 9 6 9
143 877 393 8 1
298 543 147 3 6
365 965 510 8 4
553 764 96 5 9
163 792 518 10 7
758 942 145 1 8
130 393 53 1 10
114 257 142 8 2
177 827 138 10 9
70 298 199 8 5
343 925 375 4 6
568 617 27 10 2
672 876 37 1 9
63 415 337 8 2
156 481 23 7 2
574 812 86 5 10
251 367 109 7 1
220 578 303 2 2
261 418 59 5 6
132 393 71 1 5
272 532 252 5 7
193 475 216 10 10
151 181 6 4 2
291 853 392 4 4
62 96 23 9 8
406 572 112 10 6
146 644 211 8 5
770 815 28 6 1
30 397 189 7 6
410 817 299 8 3
794 944 95 7 3
516 769 61 1 8
50 302 126 10 9
758 988 222 1 8
137 750 288 6 10
354 394 7 4 2
550 668 3 9 8
393 393 1 2 3
714 804 4 5 8
666 763 8 2 9
173 318 20 6 2
3 693 369 9 4
135 144 9 9 6
349 740 209 8 9
171 296 110 8 6
396 616 131 3 3
185 949 366 3 4
241 584 200 3 9
557 835 253 3 8
611 901 59 6 6
355 681 244 8 5
413 415 1 4 4
185 668 247 3 6
649 755 30 6 3
821 968 21 3 1
704 709 4 4 4
77 435 101 10 1
333 990 458 10 5
366 920 314 2 8
507 709 168 10 10
115 413 45 8 5
177 798 1 4 10
540 663 39 1 5
265 684 184 6 7
225 675 146 9 1
378 714 127 10 5
882 966 83 1 2
591 914 318 4 3
278 742 82 4 5
570 608 8 8 6
739 843 71 5 7
121 927 772 7 2
543 613 10 4 6
14 868 539 7 10
289 659 169 10 5
212 916 673 1 4
295 400 4 9 4
117 539 81 2 8
473 632 135 10 4
384 968 487 10 1
506 821 65 5 7
29 533 399 2 8
576 757 106 4 8
604 611 5 4 5
646 958 70 10 5
419 615 116 1 7
223 529 173 9 10
235 421 21 3 3
553 792 109 7 5
11 655 592 10 2
218 349 51 1 2
891 952 58 10 10
238 304 5 4 2
492 821 307 2 4
277 963 548 2 4
851 917 43 7 5
6 452 431 3 3
670 777 87 10 4
465 687 144 10 6
637 734 84 1 6
914 960 14 3 1
385 697 302 4 8
197 543 340 8 8
134 800 36 8 8
484 964 383 3 8
177 334 146 6 6
177 386 48 3 8
455 971 381 5 7
924 951 20 5 5
322 802 91 6 9
639 723 84 6 1
53 315 107 10 10
16 591 392 4 3
258 489 80 10 1
327 940 249 9 3
344 683 67 9 3
423 758 80 2 7
594 898 45 5 8
504 853 335 7 10
565 707 42 1 1
246 391 108 8 10
114 479 199 3 5
46 113 45 10 9
462 535 39 5 2
122 502 234 9 8
288 501 107 3 10
34 191 38 10 2
733 822 90 1 2
752 893 41 1 4
626 930 218 7 9
455 936 158 2 2
428 626 136 1 10
126 227 76 5 6
458 877 317 4 7
103 975 366 5 10
292 768 364 8 10
381 730 297 5 5
401 997 572 3 8
263 472 103 4 1
230 360 62 9 3
372 982 71 10 6
10 517 139 8 3
465 606 126 2 6
142 645 142 4 4
500 948 256 3 6
261 812 81 9 4
288 785 297 5 2
189 234 42 5 4
527 854 321 9 4
13 32 15 6 5
888 962 13 1 3
205 472 37 1 4
16 773 608 8 2
407 596 50 1 1
110 193 59 3 9
55 278 64 10 4
895 979 38 2 9
62 282 104 5 9
769 811 11 10 3
549 934 363 8 2
773 909 102 3 9
97 890 702 7 10
485 981 166 7 10
150 948 518 8 7
359 560 151 6 7
601 787 29 4 9
314 724 225 6 3
98 877 379 3 2
749 762 13 5 9
27 331 45 10 1
624 664 8 1 8
576 979 190 7 8
461 982 68 10 6
25 314 9 7 1
99 578 40 5 1
18 173 72 6 6
794 916 52 5 2
231 743 485 9 6
356 602 221 7 4
801 882 10 4 10
472 938 162 8 1
192 354 30 7 3
236 626 174 8 8
638 956 96 3 4
313 799 260 3 2
587 734 21 7 9
130 862 491 10 9
99 650 293 6 10
278 287 3 4 5
902 948 38 9 3
232 368 28 10 5
554 808 39 1 7
473 605 86 7 5
760 870 36 10 8
466 960 287 9 7
525 684 78 6 2
688 973 174 4 6
307 879 227 6 5
658 819 118 4 4
615 884 101 9 5
82 758 392 10 9
471 954 162 1 2
859 977 95 3 3
5 501 132 1 10
422 475 16 3 4
230 455 128 10 3
140 696 264 9 2
508 989 192 2 4
443 744 66 5 10
425 719 173 10 4
481 803 293 4 2
401 794 183 5 3
520 687 42 1 2
62 331 80 5 8
155 767 65 8 8
146 257 26 7 8
774 874 62 1 10
666 717 45 9 6
462 886 49 10 4
290 559 41 4 2
443 456 7 1 10
872 942 2 5 3
9 612 533 10 6
162 618 380 10 1
499 854 6 6 5
354 847 321 1 6
354 448 94 7 5
485 540 36 2 1
77 882 457 7 7
796 923 83 4 1
84 305 127 6 2
43 739 268 3 10
550 662 100 1 5
931 998 3 3 8
209 956 352 10 3
505 652 57 6 4
358 615 107 5 5
167 657 333 4 9
416 735 135 6 2
448 712 14 10 6
827 950 44 10 8
581 935 42 7 7
564 953 193 3 6
399 919 71 8 3
57 571 429 8 1
228 435 176 6 10
324 754 295 1 1
338 939 128 7 2
77 92 11 2 4
527 739 210 6 2
500 570 21 2 6
603 870 181 6 10
744 940 101 2 2
104 155 17 3 4
613 821 106 3 6
483 998 328 5 6
472 829 55 8 9
266 532 78 9 7
122 465 62 7 10
627 757 34 1 9
350 469 19 4 10
116 433 183 7 8
307 932 69 9 6
133 207 58 2 3
227 288 62 2 9
310 651 220 2 6
435 953 446 10 7
92 137 17 1 10
122 450 33 2 1
538 623 28 2 10
341 972 168 3 9
292 365 19 3 6
156 913 103 3 3
38 274 72 3 8
103 330 69 2 6
126 792 660 4 5
370 522 134 7 5
138 214 69 7 8
94 377 139 8 3
46 867 266 2 7
283 695 407 1 2
646 858 117 5 1
279 841 230 1 6
726 980 185 9 8
115 964 821 4 9
153 886 478 10 3
328 705 293 8 3
105 856 369 4 3
124 967 779 9 8
235 541 113 6 9
328 774 343 8 6
41 965 517 8 9
18 508 365 7 5
122 560 21 10 4
270 899 195 4 5
458 570 87 9 3
73 847 667 3 8
772 919 26 3 5
401 456 29 3 10
349 992 21 2 2
448 841 35 8 10
705 818 2 10 7
309 720 207 4 2
366 604 52 7 3
697 862 34 8 3
87 331 148 9 3
332 882 326 4 3
8 38 4 1 3
398 553 31 7 7
89 910 329 8 3
784 803 3 10 2
736 782 17 2 8
285 665 34 10 10
611 931 258 7 9
373 621 230 10 5
42 894 391 5 8
476 649 122 10 5
382 912 347 4 8
82 429 92 2 6
294 743 262 1 10
26 886 498 9 1
170 823 623 8 2
619 935 47 10 2
367 590 57 3 8
227 319 79 2 3
496 660 29 10 6
302 504 116 9 4
827 931 33 7 10
493 748 94 3 5
568 873 56 2 2
568 959 385 4 5
82 616 335 7 7
136 674 472 5 5
35 948 712 7 3
290 338 20 9 10
24 238 18 10 5
597 609 13 1 8
39 56 2 10 2
797 850 18 4 8
5 366 203 3 7
281 517 195 5 4
453 608 18 10 8
25 127 78 5 4
15 235 100 7 8
26 902 669 8 6
83 357 154 5 9
863 880 1 3 7
154 547 317 4 9
698 864 49 5 7
97 779 666 9 5
167 546 192 9 7
79 201 12 7 1
185 604 170 4 4
312 316 4 1 9
94 964 113 7 1
137 957 299 4 7
480 635 152 10 1
149 678 95 1 5
730 905 11 5 1
70 765 283 3 9
465 602 95 2 8
303 503 176 7 7
165 331 78 9 1
261 994 42 6 3
446 675 59 2 9
260 285 16 4 9
815 937 110 8 10
594 737 85 8 9
234 361 51 2 10
839 990 147 4 4
175 611 125 8 1
8 748 27 5 7
145 551 195 5 5
893 918 25 4 9
383 782 336 5 10
567 800 105 2 9
248 434 54 4 5
56 362 178 7 6
494 534 2 9 3
331 665 35 10 6
170 275 16 8 5
400 437 25 1 10
41 798 373 3 9
349 694 142 5 2
529 611 5 10 4
273 668 297 8 3
541 872 174 4 8
48 390 113 6 2
274 441 54 10 2
62 163 34 6 8
203 785 571 4 5
49 888 785 2 4
380 489 38 8 2
163 403 233 8 9
762 891 14 10 1
81 140 24 8 10
134 195 36 9 6
161 319 127 9 1
79 606 447 6 4
302 985 162 7 10
178 574 157 5 8
622 840 69 10 5
142 676 374 2 4
93 192 40 6 4
90 894 317 5 6
810 997 143 4 4
175 416 29 5 9
463 566 50 4 5
233 244 4 2 4
2 240 130 8 10
329 585 123 1 9
80 535 272 1 4
241 476 123 6 8
720 873 103 8 5
635 845 48 6 4
289 866 247 4 8
168 653 431 4 6
210 423 29 7 7
275 318 33 5 10
128 187 3 5 3
543 565 4 6 4
195 763 415 1 1
41 421 279 9 10
173 591 32 10 8
27 375 70 8 5
230 599 149 4 7
523 911 353 1 10
731 959 20 6 4
522 814 77 1 9
197 968 158 9 10
156 670 318 5 8
216 934 422 1 7
7 257 211 10 6
503 974 407 4 2
20 317 230 8 3
114 865 191 6 2
266 988 65 2 5
47 695 589 1 8
109 963 458 2 1
495 573 42 9 1
754 775 15 5 5
736 919 84 8 5
100 163 43 4 2
310 383 52 4 4
568 603 36 8 1
395 443 45 1 6
815 942 122 10 9
294 348 2 10 10
205 653 109 3 7
502 703 194 10 6
209 441 29 7 9
45 321 237 6 4
161 909 638 10 7
22 980 664 2 6
166 253 51 1 9
211 404 66 5 1
636 779 15 5 10
511 615 29 4 1
496 818 127 9 9
368 721 30 6 8
627 823 20 10 7
221 367 50 1 2
44 390 298 3 10
490 722 39 10 1
297 364 38 4 5
9 668 184 2 3
7 30 16 2 9
732 917 110 3 2
306 411 38 9 1
15 563 171 10 8
337 651 242 8 9
374 949 460 8 1
896 969 24 1 9
135 543 269 3 4
555 795 31 8 6
547 983 318 9 2
659 715 39 6 9
87 297 31 5 9
365 608 108 10 10
97 459 30 7 7
717 783 32 3 8
397 812 375 8 8
280 976 330 5 8
303 535 122 8 9
419 653 222 1 3
100 861 142 9 2
24 555 273 1 6
202 475 66 10 1
26 289 94 6 8
701 739 26 9 1
126 949 281 6 5
802 955 15 4 2
326 516 162 7 7
359 724 342 4 8
11 183 78 4 5
236 336 29 7 7
188 241 40 4 5
80 461 156 3 8
3 130 65 8 2
598 927 182 1 2
188 560 358 1 9
341 921 433 3 7
408 749 166 3 10
373 789 402 8 2
825 933 84 5 10
494 554 58 3 2
30 259 162 2 9
818 897 5 8 4
14 445 401 10 3
689 852 37 8 7
114 774 499 4 1
378 999 499 3 7
769 827 1 7 5
38 594 544 6 4
200 971 399 4 1
617 633 14 5 9
47 529 215 7 7
63 237 165 3 3
487 628 86 10 8
854 924 18 1 3
685 747 12 5 10
198 429 123 8 7
120 171 21 8 8
116 301 65 6 3
459 759 73 5 3
159 491 64 1 3
853 927 61 1 3
700 801 38 2 5
706 728 19 7 3
172 174 2 8 3
135 804 114 8 4
194 313 4 3 6
341 781 361 7 7
326 763 195 8 2
273 613 192 2 10
628 680 10 4 5
783 838 6 6 1
698 938 211 9 5
725 959 185 8 4
437 617 156 4 1
339 825 473 7 5
143 406 9 4 8
164 942 544 1 7
251 933 106 8 2
18 686 50 1 10
634 685 41 2 9
83 241 54 4 6
117 854 411 10 6
446 574 86 3 8
687 819 19 8 10
411 853 210 8 7
268 661 327 6 7
95 263 143 4 1
243 256 5 3 2
19 465 343 10 5
53 695 125 7 9
107 171 46 9 3
105 818 689 1 8
54 656 24 1 1
705 936 42 2 9
214 734 353 5 1
303 570 261 7 7
97 290 149 4 5
117 974 752 9 9
27 346 14 9 2
777 864 18 8 10
343 511 49 5 2
580 899 287 5 7
405 435 20 6 8
240 295 16 4 9
506 781 201 2 7
490 520 12 8 4
80 976 795 4 1
2 845 385 9 2
623 770 76 5 7
30 366 270 2 5
86 389 191 1 9
88 217 57 7 5
532 824 96 3 2
229 951 179 10 5
461 554 32 2 9
422 476 17 9 4
43 990 628 4 5
689 897 160 7 9
162 606 358 7 5
69 534 43 8 6
389 476 7 5 5
322 793 102 1 8
391 427 13 1 5
250 636 149 3 6
75 145 48 8 2
123 169 33 6 10
59 904 387 2 4
446 694 140 7 3
722 794 2 4 10
33 727 607 4 4
817 932 115 2 2
278 575 259 2 1
596 776 7 9 7
96 830 74 10 3
374 905 270 4 1
392 996 580 10 5
838 976 132 4 3
815 850 13 10 7
295 326 7 2 6
672 851 173 8 3
536 680 120 5 3
513 553 38 3 9
12 201 119 9 7
611 992 264 2 6
183 273 25 10 9
70 608 8 3 7
677 805 107 3 6
41 843 663 8 4
91 836 570 5 10
227 879 414 10 1
161 593 7 9 6
67 834 570 3 7
121 996 152 7 9
592 806 113 7 3
220 425 120 9 7
448 704 193 4 7
156 705 299 6 1
279 591 307 5 3
392 420 8 7 6
44 664 618 6 8
106 618 417 5 3
583 859 273 8 7
297 563 121 4 7
657 878 124 9 8
58 355 242 6 7
120 346 41 8 5
455 501 14 6 6
6 493 160 1 7
26 881 494 5 4
497 758 56 5 9
82 207 77 4 2
548 763 103 6 3
158 584 95 6 6
218 857 553 3 7
466 813 233 3 9
632 792 89 4 4
497 658 4 8 10
330 864 224 7 6
450 718 44 1 4
64 319 15 5 5
88 597 450 7 6
262 818 332 2 10
82 281 147 6 7
124 796 386 4 4
313 329 16 7 4
769 815 36 1 6
670 913 74 7 1
440 758 244 4 2
130 816 591 7 7
275 520 155 8 7
153 849 160 1 10
493 950 101 6 2
108 674 65 4 3
165 701 461 5 10
314 378 22 1 5
86 137 41 4 6
297 858 271 3 6
345 432 24 8 2
39 682 285 2 1
415 609 23 9 2
490 647 136 8 8
317 987 165 2 9
143 597 344 10 5
125 175 42 8 4
163 772 326 5 6
38 261 168 10 4
531 953 231 6 10
92 980 613 10 1
519 801 252 2 10
20 433 356 4 9
77 193 99 1 1
29 70 25 1 10
62 471 155 4 5
188 989 533 5 6
350 793 211 5 6
775 933 76 4 2
