820967
950925
1140696
996230
1004454
506027
1087975
1089949
816530
805590
677997
983194
515809
249542
242294
162584
1268539
138699
1180246
236199
1163825
75577
217122
1290807
609963
745988
375884
218456
1228499
593703
610964
527218
216193
926299
116071
1056433
87700
1104881
1063463
1009142
1168385
699800
1174023
36319
443722
261318
874957
202178
417520
945309
520403
684498
28220
787328
303822
594689
1269992
437047
681995
20211
272736
141148
416405
616848
961620
749467
1032503
389306
305732
1053516
1216061
994781
801244
58939
314146
398141
726364
454125
1245067
765266
1132229
79020
636328
248677
666456
246017
226868
897976
1073710
1184304
466720
967641
36200
1169020
131852
1237736
1234849
1267384
682281
711220
635581
1184694
811173
887411
897442
85806
942413
658129
1065936
288910
1256015
1026434
861371
1113539
957176
702961
539162
655532
761639
665363
1095463
326002
785422
506407
633117
688075
493017
491641
648400
1277043
713757
297767
936989
282485
495855
488002
1187835
1192918
873323
1039151
1168919
37329
506502
832055
62013
213359
654116
17919
985342
97273
1283882
300325
903845
1285121
122336
633873
1004263
167088
761537
294281
1073714
784677
80593
1046950
248399
1125672
1085958
123798
894846
886227
739751
819185
1214107
426114
274396
1124936
801803
694341
1148758
373330
392009
861080
1292747
652522
1133753
776788
892950
180976
928701
993434
385946
530684
1266274
148373
582175
676561
585678
243522
117516
1271590
1159075
703013
301717
691167
798618
14124
27869
1029637
286592
621643
213983
277207
835238
522115
64184
1221581
1179673
1061279
484386
610377
866741
1203615
1094360
419320
862909
74728
1169649
1225314
180651
1143849
1006011
1228421
549386
356826
288498
763302
402958
156184
874112
389997
116712
254721
358519
1299438
1147251
1217736
514205
1071961
649853
311261
141911
638400
842541
677182
297647
569583
408520
226128
680064
631552
666647
1227641
95583
506227
1118555
1136326
1130527
1038663
955284
333668
995994
49606
875701
555847
918226
902396
974948
913245
764795
163119
1126490
393088
1160857
1178365
970580
1261786
907470
491266
325040
638321
388420
703970
524240
99208
450168
829033
167234
904062
63489
300267
62220
694787
825289
429846
113540
698564
86981
696633
315905
530220
1020207
104424
77978
401100
603362
76925
1190838
883678
559577
296170
842096
527314
1041753
14596
809524
1214140
1286076
955944
877129
490982
423120
1096409
734867
1292649
370391
371652
664934
412243
1178077
775279
278919
704928
458667
432266
705990
744290
169625
1848
391336
390763
335782
1106145
628902
402991
252346
1286013
658420
549080
689838
834343
366119
770600
1144768
372670
628825
2238
889657
530078
451590
675533
275150
1009008
691785
1093174
1142108
470814
562756
1053149
872052
191655
888327
964172
674403
693508
702369
396407
914231
1197458
598492
1079101
698078
545899
587590
1241791
997935
1106045
1182994
1299902
1297211
1167247
510763
156791
167441
316919
931097
798333
1101364
895100
264675
231120
950221
376720
690109
23824
192281
207948
772583
300717
1081272
981042
557566
506231
817880
945808
1041672
693194
378738
568419
103288
222314
847281
274749
608017
372156
926484
1099882
1009229
512370
1006849
288138
771079
473698
1027207
723714
277764
751317
729707
435399
953718
871500
923177
199401
1252724
494107
1002764
650215
623928
165107
27028
880642
1036196
862522
1073464
599649
110297
603622
234019
745208
572361
554536
209559
1225637
505728
1070654
614019
1243678
1035875
900321
326305
1003274
657572
1267306
618214
340677
597719
1202334
660702
1041730
270127
479934
609988
208640
513680
517765
146388
483503
294749
889184
398756
860196
1246499
495581
928953
845250
382836
128609
630710
349487
598184
594232
179105
98149
302298
6741
23899
1231565
1133458
237379
831222
801922
1236240
528333
1194106
988928
915741
946242
815107
706925
1138748
341017
420208
870728
3009
158949
379386
448136
819075
797640
557030
560241
621068
213869
208474
788818
1257869
491941
911362
1197507
1071254
950094
502713
739021
134884
101795
190578
675423
448315
77191
1189408
818939
159998
1123923
737578
532221
446952
129861
662431
953231
436847
759270
954341
387529
1057668
901833
848924
552773
1235703
848560
868801
960453
1291285
1179122
542440
1109235
365342
953844
147639
1247641
1264033
1172804
784896
698754
676336
1044515
413687
49557
43364
1034545
316062
911536
744832
545835
1135733
1160008
803594
829328
1035713
874327
512894
692515
148953
278717
1052353
25009
152205
495576
263861
1079205
266233
555951
420221
1014328
987726
502711
667132
1167854
1019916
133283
538908
928805
407827
478853
584294
465053
51156
863698
305612
851638
935156
638974
849930
159510
1234922
424817
900086
208111
694512
752890
56673
1150849
29490
1053650
1138987
654130
567106
1215878
1122961
1138022
717932
741616
912417
479563
931810
601151
934371
607057
930815
603126
429497
1184225
841439
1127071
946653
1041715
580898
457757
212757
1241922
474290
851170
304523
1103908
307665
1103853
1205411
1016351
563416
750216
46567
1257433
741124
1008202
359800
890511
165141
1120240
679719
649719
1240898
822911
1251070
1098124
640227
1215845
1052602
1055752
673849
85876
980751
319273
497854
915766
759893
700166
1210943
163654
807143
1112799
798288
768531
881964
235464
472011
1235027
425912
443290
890595
660121
582179
882711
391220
799386
445585
858961
636291
647821
984937
739841
221735
555912
888551
152375
481184
403881
1122892
392499
1147484
143722
372210
472321
205763
605636
1127397
811834
1068287
164542
1202065
107783
1181925
186236
273641
917482
176556
1251812
1288243
255505
1021093
1147141
1197821
433710
1040191
1154937
717923
593946
839413
657132
1089212
229338
197954
119366
1141537
29811
1034076
1016409
1204305
668300
333194
1032621
572025
674956
69234
98962
389444
928405
707393
736484
244549
582392
555728
1018297
381267
3026
89650
97046
673714
823376
758574
602573
602884
1138562
1228741
147178
143790
1185832
968295
141785
1266785
459288
288221
213249
868747
1064447
173589
1078445
876640
776081
1272187
724279
94295
1273628
125988
1086695
112764
96548
673934
385833
126256
734420
500272
250885
846029
723028
1146932
292155
636561
887991
80787
1261998
352107
966989
562858
1187161
476121
862185
1290963
613866
590152
298258
1193052
849260
1105261
705203
784892
267559
296043
925662
188317
901222
243513
1299831
1126252
1164936
1221097
1186057
470065
551615
552312
547400
777709
1086825
837638
402484
318719
229289
1230279
986348
434723
962211
1026568
1072885
83473
713846
865733
1054848
868668
194597
1294831
891945
621574
140702
78086
1106640
350938
427591
1000469
300354
245212
1222288
749195
405393
631910
847201
392032
659229
594127
804154
54261
670206
412517
1277173
807901
152542
884556
512769
493402
218976
1137067
1237667
455943
98552
695984
1188776
837317
1232643
1227274
341856
215689
132370
380432
1084705
846517
338582
1240285
116601
1032909
981665
668939
1066231
938903
28575
677165
387447
817522
451776
343777
616134
1056031
828146
48926
1048707
578090
694431
207206
1092061
1160326
1264784
56523
717890
398211
761473
713059
690818
76481
208140
215486
830531
339667
415360
393616
886259
477652
55485
1274985
1027675
684314
97470
909940
1274611
1039384
784669
450253
456630
1211249
934635
429494
160626
924720
648431
620040
929135
